CPU CORE SOCKET NODE ONLINE
  0    0      0    0     是
  1    1      0    0     是
  2    2      0    0     是
  3    3      0    0     是
  4    4      0    0     是
  5    5      0    0     是
  6    6      0    0     是
  7    7      0    0     是
  8    8      0    0     否
  9    9      0    0     否
 10   10      0    0     否
 11   11      0    0     否
 12   12      0    0     否
 13   13      0    0     否
 14   14      0    0     否
 15   15      0    0     否
 16   16      0    0     否
 17   17      0    0     否
 18   18      0    0     否
 19   19      0    0     否
 20   20      0    0     否
 21   21      0    0     否
 22   22      0    0     否
 23   23      0    0     否
 24   24      0    0     否
 25   25      0    0     否
 26   26      0    0     否
 27   27      0    0     否
 28   28      0    0     否
 29   29      0    0     否
 30   30      0    0     否
 31   31      0    0     否
 32   32      1    1     否
 33   33      1    1     否
 34   34      1    1     否
 35   35      1    1     否
 36   36      1    1     否
 37   37      1    1     否
 38   38      1    1     否
 39   39      1    1     否
 40   40      1    1     否
 41   41      1    1     否
 42   42      1    1     否
 43   43      1    1     否
 44   44      1    1     否
 45   45      1    1     否
 46   46      1    1     否
 47   47      1    1     否
 48   48      1    1     否
 49   49      1    1     否
 50   50      1    1     否
 51   51      1    1     否
 52   52      1    1     否
 53   53      1    1     否
 54   54      1    1     否
 55   55      1    1     否
 56   56      1    1     否
 57   57      1    1     否
 58   58      1    1     否
 59   59      1    1     否
 60   60      1    1     否
 61   61      1    1     否
 62   62      1    1     否
 63   63      1    1     否
 64    0      0    0     否
 65    1      0    0     否
 66    2      0    0     否
 67    3      0    0     否
 68    4      0    0     否
 69    5      0    0     否
 70    6      0    0     否
 71    7      0    0     否
 72    8      0    0     否
 73    9      0    0     否
 74   10      0    0     否
 75   11      0    0     否
 76   12      0    0     否
 77   13      0    0     否
 78   14      0    0     否
 79   15      0    0     否
 80   16      0    0     否
 81   17      0    0     否
 82   18      0    0     否
 83   19      0    0     否
 84   20      0    0     否
 85   21      0    0     否
 86   22      0    0     否
 87   23      0    0     否
 88   24      0    0     否
 89   25      0    0     否
 90   26      0    0     否
 91   27      0    0     否
 92   28      0    0     否
 93   29      0    0     否
 94   30      0    0     否
 95   31      0    0     否
 96   32      1    1     否
 97   33      1    1     否
 98   34      1    1     否
 99   35      1    1     否
100   36      1    1     否
101   37      1    1     否
102   38      1    1     否
103   39      1    1     否
104   40      1    1     否
105   41      1    1     否
106   42      1    1     否
107   43      1    1     否
108   44      1    1     否
109   45      1    1     否
110   46      1    1     否
111   47      1    1     否
112   48      1    1     否
113   49      1    1     否
114   50      1    1     否
115   51      1    1     否
116   52      1    1     否
117   53      1    1     否
118   54      1    1     否
119   55      1    1     否
120   56      1    1     否
121   57      1    1     否
122   58      1    1     否
123   59      1    1     否
124   60      1    1     否
125   61      1    1     否
126   62      1    1     否
127   63      1    1     否
